670487
116739
26225
777572
288389
256787
234053
146316
772246
107473
709570
776646
935518
571858
91161
619176
442417
33326
31244
98246
229258
243962
529903
631262
27824
588508
208496
750800
681453
735392
571412
439898
231148
471029
617889
291704
848749
911527
6814
795667
844962
167414
732052
443143
356778
291369
163032
225772
800581
352944
107175
97251
398382
101414
376417
888662
360663
633052
277370
846335
45561
765179
481741
562275
130889
967096
396922
82627
578856
307419
869693
659176
648564
928463
903565
379201
605397
201629
738797
72933
48050
693384
238968
810620
303445
83667
896865
244098
908573
105907
398591
291476
475435
666563
874628
382554
170555
388162
372528
219684
702729
279946
735911
982153
716751
679514
74870
638720
665822
179451
560086
764544
256702
171339
484714
397887
283060
970342
671088
721590
584004
230283
717870
340035
883794
805635
813694
58655
240174
861722
33659
844151
330776
420651
280746
69403
221231
957492
988712
594731
918938
752787
329963
222955
687277
523481
414850
927657
958972
674079
481141
149811
277746
146413
258607
781177
588637
565158
275504
783300
612982
449245
941435
611878
418801
379580
229974
145051
534277
517488
95325
792495
49405
902931
114975
160265
657924
167753
830555
713536
442666
625380
66613
403457
400156
624834
490785
554816
263626
580099
902592
988210
12038
713328
755731
120116
714825
927767
563054
787352
279786
805934
672097
356699
116970
307757
455884
165840
475763
3402
757168
918398
754639
276183
524902
798975
187330
532342
956959
111579
912804
655674
312942
882554
669987
532323
638551
208573
160263
392077
799550
169396
565579
999816
816449
967242
556116
963110
599
628038
339902
512340
20422
117301
974230
380612
921406
872064
845964
322451
251083
60738
252572
920659
594916
992948
82582
89814
767460
509597
855662
72574
797549
558582
803035
131869
134628
691798
498369
992842
576510
173148
277932
553306
914812
636059
443692
222086
974036
565492
791952
765388
723378
210922
747581
326858
418373
704314
681446
391559
459381
943313
542717
473417
126882
259947
235612
67136
354508
22056
616886
580828
241292
617024
230914
7540
74441
742225
661759
61733
240062
70674
949401
32938
901393
346479
74299
539131
249565
292004
701474
508993
224643
565427
138739
758490
980957
925245
598782
604201
495631
254801
822733
495948
846721
426833
199659
98907
101639
690993
451989
371507
444154
431071
489710
905798
764491
56802
706073
685197
677568
103198
63556
422179
763587
355784
839482
903529
114576
260735
200896
199448
562336
470405
146991
442374
192401
292075
485100
261941
916964
968114
79046
464656
847272
903189
897546
577057
102664
53045
683823
566847
876638
15474
97793
971366
790170
889921
247861
174389
426156
509231
504740
224130
906651
420521
946279
61483
172634
397382
2260
409386
278085
971524
822157
823267
477110
299105
443555
730429
765990
821414
582765
694022
753305
510311
162316
199122
311120
228275
61324
607314
771476
568532
63918
784309
328838
59942
52578
612554
499948
527276
964047
894141
556926
165080
59642
532496
84002
892697
194851
71849
623939
71262
708011
903682
246629
423389
125710
987335
933533
597347
258175
607040
623398
41672
649468
85965
439589
689305
612024
592683
548177
331737
980110
273432
214181
702258
750981
329445
250280
278517
415011
137235
704318
676856
314569
479434
331535
974146
788387
981188
76066
9767
480547
651332
590341
104837
76819
563750
223508
530458
278082
138890
978593
365962
923653
72132
921981
256150
387477
298830
165409
459469
874244
569605
737715
317212
641390
846305
685743
554634
8203
700305
856795
581542
313921
977017
695613
108618
984539
920782
140814
277312
121035
932931
112235
778480
580097
162998
285577
295442
634210
220861
752470
359536
213487
720892
665046
894343
276807
529959
512262
263319
949314
952273
887204
53266
96781
665095
444151
869634
290120
46228
3717
349759
808577
137174
668061
274680
169430
777236
463298
578478
739945
448462
588153
10139
117308
78898
990957
926004
724586
947837
156294
572092
37778
875136
387151
610805
579364
155287
450664
133636
43860
323232
382364
942650
978413
834794
902512
41832
942590
375190
220281
715198
261650
699330
107786
370858
818011
587080
927082
917202
426117
650810
785884
162060
970733
975050
248237
906604
170395
838742
850155
185652
924231
432322
25990
188073
772343
969395
348321
820391
976031
431712
841204
702448
906036
770763
850132
260222
279766
166931
825622
735343
113346
401124
914533
40605
900300
493554
233238
209267
856253
963066
482662
366643
320015
860394
833980
913648
238651
233752
24813
692094
202511
417821
344207
292136
906339
72792
810891
292683
368203
672642
534150
419093
712526
884642
562262
347235
984861
28941
120944
919641
273903
187241
608792
278361
40115
113668
625550
455673
362479
763934
824629
328914
457592
635656
536265
121263
403906
943199
604596
199312
267095
46542
743215
457239
1773
545175
970535
845687
564607
720221
754377
985937
777991
772840
703204
206606
381913
452248
73372
994967
696503
965498
346239
653425
329164
695612
889208
130679
754717
943767
314910
531756
324308
699287
428231
342027
421947
731076
310016
581343
133470
201158
440869
697229
986042
397562
710219
784475
946660
182480
645414
596750
315568
425800
574553
874224
425
318635
300850
220392
450770
823927
608158
636130
686508
337902
487575
463246
463638
708446
224082
536004
496171
832291
944956
834692
771711
177934
690855
88914
297571
540490
696101
663686
649342
351470
97923
858179
998243
787625
246277
705477
325498
235552
845742
208802
154511
25611
48458
256736
498216
640967
891014
805819
76365
477538
434572
929181
660356
603634
203880
753240
730180
402630
518392
419066
255836
154739
687926
721024
5814
936021
787443
902237
807451
928477
111764
816232
445798
229471
184430
843170
729716
543118
487115
52657
584482
261303
962037
889545
127253
478634
139816
840346
487213
700005
556932
586075
624377
332711
996188
791937
934727
464071
642412
854596
754213
935351
529298
447470
870914
950906
574485
467574
940790
166889
779779
903342
497732
471932
271782
788295
259249
880660
668636
290782
803013
815451
546622
508136
657193
250867
287936
461239
81247
748206
299607
245884
284913
352161
335239
936406
566390
84491
145095
158157
242495
401641
727659
160227
740734
224345
67348
435020
427398
346954
568969
488557
435970
65290
216881
873349
440552
408396
948791
807189
612451
992017
729308
20480
898348
923435
802784
603655
398858
500149
6182
988536
368845
313118
790075
408930
894905
934953
999744
876325
439375
564365
783826
770319
572661
838722
632556
941423
231251
511945
230080
286193
457007
509232
30434
407746
352457
701364
712131
836912
423956
759359
173061
881334
490094
964209
133827
652483
560069
28276
950983
413160
620644
591807
695205
28418
88025
673971
449433
142291
908959
484125
190556
52727
272793
397519
343254
221941
476786
342722
353894
798207
922369
397542
291773
788539
997409
872335
442042
264525
875467
85884
493152
20324
785408
565621
54615
998160
366960
235113
681725
71951
819182
683414
42213
790870
32537
995740
259295
209044
879995
21369
651517
159784
250132
132352
496564
701978
119946
591364
993795
228552
487623
733442
268690
804150
386814
175939
635324
636745
784256
753252
120096
815573
859099
171720
326147
113349
606794
26925
974008
327110
603766
710250
952134
393537
415922
987203
749747
207963
79688
620859
724161
870917
657711
254646
106851
731059
810004
316232
891597
717497
629577
844657
126935
834904
593423
820652
43064
364069
558623
449186
693655
388571
72306
530538
678998
357806
13266
890844
440463
862276
514013
110665
454582
379781
666459
934884
868962
482071
741666
160422
456641
184692
769440
547091
682054
283201
645830
847458
964289
564315
812270
506983
487455
456732
865845
766536
621254
281433
337960
893085
257420
871084
980022
90872
292477
924457
472700
255709
786931
487282
597530
639979
700646
397399
352737
30094
518317
892288
340802
190672
511233
222423
372060
836587
270902
356871
293243
923082
625113
735244
922859
289688
582789
10644
541722
994115
200337
89771
253080
755053
426170
512311
582144
794993
251997
724156
499219
677278
746420
514663
469945
831450
18080
97573
308528
232360
424045
725391
255123
321080
696212
609805
386945
496249
580358
556711
360455
446173
782169
577124
346859
368900
736996
475786
284076
321517
263615
241736
126516
756321
201939
330876
125362
778967
561894
997067
799213
723688
194143
200845
226895
774483
507719
289930
759782
618226
797135
550121
625780
296745
105409
873074
203547
310636
238533
378411
188158
316950
14835
742411
560081
132731
287636
47726
57174
580238
306327
731295
989949
132413
668854
910647
789359
514723
107570
915112
12861
601949
298151
492198
501968
461865
357256
193319
53872
264742
986776
903582
500935
119629
862050
68517
420172
515633
77680
605050
660021
719796
56213
159097
156445
850544
590180
995230
318594
89318
260247
124205
585181
801577
436390
635770
625084
829151
648458
236650
813373
547957
398855
472398
952635
464226
311797
901950
617113
449660
320214
596251
651194
63156
639244
776039
104053
993620
799787
217881
655900
221275
277501
692509
85131
164686
251516
182256
578805
78711
164136
2805
428361
472387
722858
622656
492738
305407
34225
242720
302099
741296
296451
737135
901362
476086
74637
720775
244762
968790
277405
826097
829683
655420
618439
693300
842956
979022
207428
445790
120351
571015
235729
679094
156226
952538
278535
866785
149145
74878
62535
173982
831131
322554
623948
785339
864278
596856
965940
302630
460485
130394
491465
722131
318862
733723
422060
988467
285470
524783
566211
517781
459023
84349
627086
41797
932627
453014
770214
337978
633039
262529
27121
95763
240044
707053
876566
902317
603139
615643
996971
21753
801909
704938
861322
282602
604238
42185
800177
793005
183700
493355
544173
683157
463711
960571
291668
190305
613762
457058
665620
853797
515611
95674
492841
364863
428184
349499
336653
702685
109680
899398
168637
345824
431641
727369
519536
302218
694769
991107
419904
853085
797441
576818
38479
476919
92337
329795
264659
338977
121552
810075
423808
906924
539593
864998
1206
689606
911597
568950
484417
433321
56837
196694
543623
379353
652878
793188
522707
655788
463513
796907
54118
213446
280028
575898
137377
972735
302020
459398
923634
732168
508257
127324
30271
660626
638448
838141
250921
744261
166071
325845
577596
14338
579077
427809
97736
235615
882277
957276
118972
483863
993065
123172
679172
872565
161450
522584
977957
751413
306039
533590
739677
286706
435673
875271
505937
495158
255570
478975
578043
151668
402219
199869
966648
628492
532929
782544
922040
143139
905997
73201
289666
810208
828381
895916
435098
356385
979630
825981
532401
280150
860408
2689
296578
761319
313058
878157
615448
608093
691998
513425
907291
155813
468238
564742
507868
361888
348588
578727
799929
569827
395533
477463
978166
337408
911843
197816
731380
250405
599573
401574
244907
897594
813217
430728
45767
333632
780879
495951
739485
957800
850823
399749
404832
695928
830884
860616
683691
159493
519389
38817
132378
526690
618849
348121
911946
105239
916655
886088
461694
104555
551499
954667
479123
16093
757537
151157
429893
913239
686587
161859
78463
492296
819488
277896
355007
653534
726353
416791
681403
84216
893140
344525
893744
707115
901085
559543
398468
332043
657246
753629
930546
796290
511650
914759
567296
37642
647453
71744
246174
661820
717644
965664
301338
238536
783041
94769
455052
103225
797305
664532
738083
914965
105389
465230
174446
727712
314012
947308
30353
48225
340131
834816
58845
307618
375876
393049
451607
152640
256059
556968
432067
593418
714919
831016
188803
178240
183573
82804
639098
913141
401126
649813
716318
252528
521841
957170
611484
150069
243467
483550
668891
266314
481894
267729
699233
9853
942573
843718
487853
944986
301603
710526
573149
165649
77449
463187
991151
362351
616113
313685
669975
444920
723846
262246
479027
886365
316797
208894
403380
894787
506680
111834
248728
399889
599704
376395
602733
310244
733247
309571
23005
870357
690203
415032
287813
8491
593419
907088
719112
816118
780841
51426
954851
635863
781369
520856
873294
948075
946795
300096
813423
837665
241296
636553
840886
369435
229642
667542
199367
651051
262801
710687
792280
755948
804751
691201
713928
879060
143423
658765
101883
947287
657937
677737
41337
323939
826918
462236
34985
607727
382584
767934
137795
94511
953813
309445
342589
783790
435686
184171
210548
138579
824718
565610
919035
383629
556639
526169
957860
285765
870813
172537
269452
958449
864749
990052
505254
845664
309478
782824
912677
355168
843298
120764
491081
78957
147594
790785
236574
901922
709176
759396
707166
416716
886827
843671
584384
383542
94689
829090
413741
14594
277304
562636
129592
476877
386490
705511
785395
705000
274896
612955
399534
862367
669567
985967
389518
113609
707617
245180
494379
26240
649641
927187
988984
588678
343939
959715
639717
232120
679112
66287
666269
863874
486819
953562
735132
316869
680776
428129
122343
146566
47549
992227
39019
319149
516554
121761
101913
246205
930358
563658
142254
407524
475679
389033
703055
995497
779238
730316
991925
566432
439486
615870
778325
761894
162029
928423
435037
686735
103831
874190
513117
645558
427940
984668
997742
293328
34305
723811
388528
227823
464920
466297
996729
247582
897004
380303
104180
718987
385178
570913
945497
676149
376096
63491
417479
289282
199028
128093
995109
889227
864226
476805
96126
694963
222409
672875
670556
626152
22394
53035
825013
349709
255400
132040
825206
592002
215173
71942
870127
802325
581128
217220
614867
226441
852547
911941
244316
344519
811984
154721
826952
944275
624932
2973
290743
900104
151716
136306
566456
262829
837302
182973
115266
693169
908536
27032
138205
15582
375644
828358
826730
249489
617457
339498
16547
182710
278258
54944
132915
777747
441409
551640
119169
781886
66645
499380
470050
815809
379625
538169
622503
114351
473962
528313
232311
991340
644986
45471
762569
821273
952895
909095
690909
546781
316282
480292
674591
32663
63780
502248
888456
421126
446980
719425
113206
514084
747006
953890
465108
77060
942949
84714
337758
637846
155539
68872
132321
288375
654644
663829
613799
574993
746746
340981
399407
626410
556329
309222
475755
530108
634836
451096
103996
831621
735869
119971
894217
686516
682535
920341
806315
578116
755855
907534
225468
450961
473489
931230
239592
433914
355395
867611
475528
418098
436196
765054
99704
327730
447494
327704
697416
267271
392483
999914
160053
720184
967819
497305
70394
95656
872176
89511
97758
452855
101255
780758
774683
390748
851201
136435
583397
62894
614953
588866
588967
345658
702559
128168
430764
370774
916043
697660
986846
786730
443481
910260
960331
756086
53945
301601
629575
327626
368727
108633
605991
532060
223072
162246
688637
505612
235137
888432
113475
367121
886438
583286
385415
120465
799649
292099
601987
237144
846432
449956
886209
588215
804711
858182
651924
643378
707764
673918
583783
27529
638577
974215
689786
869752
727157
280439
30359
189179
286544
736833
799444
323993
966302
356331
368074
6402
190217
912117
150210
593830
689275
420252
72965
148766
776962
663928
32146
96214
782354
556251
225583
394468
440226
475682
357455
165055
388028
326775
756648
340140
814571
987137
595164
625185
89083
926251
55164
163137
165056
791083
647850
52179
706707
85544
285320
464637
694093
444611
509253
636565
463516
434303
286436
226040
791615
537234
119346
361939
450797
116276
297005
711163
711444
621946
510271
552530
699539
323401
47623
231230
414463
628437
57443
8060
214353
316061
991244
221494
804624
143901
801280
267931
303507
344061
125812
8105
521546
783301
451574
184229
135461
398676
558453
737852
241288
524563
585864
873835
700499
845362
371371
75576
416359
903625
778086
44357
457409
19651
482087
965908
81644
903987
328267
603727
450137
601253
424068
743963
671237
437983
303578
120768
424707
21869
340544
180222
840247
993645
648151
482446
872442
723108
964448
379430
92410
457925
885506
111005
255135
456839
617476
419902
549414
82467
414991
912811
325346
782033
356005
232335
349247
816964
176299
80089
535280
663984
119565
556379
534723
203322
949928
813934
366346
368154
762712
858729
676796
854628
154864
247745
107798
153557
268402
206854
181926
631661
160295
797143
796028
687351
79013
185751
997502
810389
658452
518119
486490
791093
591119
796788
607616
470711
714220
969045
924894
591912
674225
666158
654858
338908
906228
657685
331495
158290
461124
71603
491699
463688
662055
317530
835012
288016
620148
58900
369038
531981
77794
325486
484172
473866
39434
59653
386649
872097
301022
80458
675981
906231
896840
94682
644883
622937
531699
403159
485188
608519
581242
830281
774814
939394
43015
471579
953207
849153
599425
683501
197383
337145
634394
498733
525721
158189
64879
472407
108529
850360
942802
878053
360120
749014
88425
529057
677513
180941
41043
259778
741995
459022
460767
549525
548141
639427
166457
381574
390963
962526
296635
406235
428625
812085
354803
711875
626928
54909
827564
661532
678748
350905
69113
345705
99096
585066
711332
405341
297949
264236
758889
892931
688457
950369
631977
915700
157677
349555
85461
611046
695847
148298
961278
366813
325301
687923
732409
694299
410997
135215
623945
743266
983566
88834
324620
586072
394976
674751
830117
344432
852686
134001
702667
736971
869226
993115
774661
718709
956771
551963
97992
677406
703024
443973
533188
379404
19116
380211
323869
189019
997373
224597
358332
993702
803373
509892
201332
237547
144247
162471
80913
310160
885447
826403
106053
532351
808320
565990
875686
774524
926607
552108
39581
694083
353123
918964
803531
648052
137414
626258
395019
161745
170128
189630
871728
726501
808554
655087
848343
946503
173580
756215
458933
45814
430816
381995
709217
754540
249068
465776
640255
298768
788939
784897
821874
470735
245369
559951
250786
324500
847903
822471
491798
947885
875679
203440
385709
711256
993137
598128
461999
484106
806814
295459
815922
400422
527335
553081
438997
169930
856572
209398
840181
634035
145121
915408
262147
54714
672324
503935
916578
389244
581478
979677
107573
745957
886982
540970
892512
130734
298910
87949
800185
168099
286042
471145
949282
538289
154506
871415
458723
96168
992386
954733
232823
856375
473041
927601
366566
975670
27965
435050
55843
415712
526392
392127
247231
404924
85569
393124
235445
29556
334165
976041
103896
879940
749421
681533
351577
829822
153143
144283
40163
300814
961959
870068
495404
729884
871482
145534
795702
739808
491897
470392
645239
5506
949860
83074
19927
268355
226130
875522
156782
575462
985898
762560
638457
553408
443814
116587
813875
302096
249183
315779
127767
50068
250021
440218
669989
832463
653064
479318
65858
116242
877330
949115
524108
625726
562093
17233
662652
540410
602980
253690
753448
150551
305420
450089
1640
644674
369954
252249
598384
436802
196412
696643
700674
89772
548913
378120
70966
999716
551613
570511
531971
824613
532280
581070
21322
409420
915754
492972
45649
666549
405674
391435
265971
783618
17031
374440
826823
70841
361551
252838
768544
689023
658775
108699
808977
610169
770899
793435
348671
139890
46489
369412
572536
354992
853025
674020
183594
870720
816990
717941
487192
729168
501776
662423
191132
850916
141403
66165
750827
813894
989441
479911
38780
307696
211383
45934
829538
209159
928818
43941
330926
978710
325138
540418
417568
855015
569408
496395
265618
38399
789882
678324
200386
300009
374314
904017
818771
50126
907855
687584
348048
286488
130521
838171
385896
458176
932694
419453
779414
461097
938095
405426
355505
195892
520306
725686
521691
385191
969209
836020
544500
279676
840064
86624
762400
445120
82760
451524
631718
862287
189222
571971
308036
336814
107581
83958
343848
693024
310000
321384
467576
631894
752524
446815
174739
723270
465471
368623
468849
44412
762120
912300
955889
369685
644718
456068
287892
670532
829924
993949
60144
78686
703787
668480
425942
380959
538009
840010
786325
712413
167758
999072
32653
149715
889894
637086
711027
819264
459457
36489
132361
70499
247459
816332
676502
384123
379742
401451
995588
594799
33958
634487
160891
712048
471778
994913
388984
390084
465504
800152
80620
601800
144383
555178
384774
417368
329657
681113
292227
261736
118959
27172
771411
195085
523285
542895
405785
957918
588956
123481
274492
812609
272933
738237
467951
224993
641599
299449
727691
960997
515060
209902
128594
142321
894253
77649
474001
181043
942333
748022
466732
92055
849884
715054
886593
335112
700280
364301
744007
68093
576713
568507
304466
934629
314527
892717
165156
746385
744031
972370
734233
668676
182547
832250
379052
533469
235134
127257
210743
830541
145622
248235
828766
518019
27560
378427
580933
600076
386831
490110
842700
578443
136074
641674
927199
90403
68941
324314
417500
751759
753789
501916
551231
430749
806527
429322
863333
602826
77333
131414
332427
673540
77767
471832
488461
713145
542491
361249
134568
920607
869325
818164
578083
670872
616338
190802
805077
135300
453633
527290
954951
910385
58104
871776
130192
543269
160448
318897
172655
169834
338334
980143
743788
236422
362831
993508
986609
544103
938397
297846
887025
82690
262778
205837
665905
577599
287782
131250
655383
317534
644274
559392
97966
526986
672124
176827
620556
987346
608851
161684
179516
690731
654813
755638
945816
634534
354019
883456
968810
590996
43195
865322
905740
29751
85168
47670
994623
672612
808475
604788
277511
682759
221048
804214
599929
436822
648133
670030
31757
522230
932180
657629
572079
303742
673088
316768
506404
256773
843776
846567
718264
425818
311882
475575
76517
722063
62823
165759
460959
435810
507774
487002
213933
356717
636129
150647
327766
903332
753258
334827
769864
902590
362147
418084
137118
797615
388539
539995
588933
111341
334617
253480
489131
128473
280464
471435
259961
147720
101514
53063
304309
991307
402810
906141
645270
438446
260330
907340
946141
167457
852993
343341
979109
605748
756157
327905
199055
800190
167082
522469
539728
489491
522987
921777
323528
521530
24302
94423
991148
412344
529996
479441
252422
225595
611680
370037
51021
52995
295023
518934
626543
925199
883791
686041
705188
493446
299628
562761
8574
888324
112718
451860
140440
925321
277319
762847
383545
800961
422842
383713
47440
420040
53642
597983
589107
204110
380133
580096
302620
77103
405116
528750
472230
801535
576566
293308
865401
653516
713449
640725
124582
134913
101377
413037
391326
833510
355556
584929
984558
383366
791638
151275
208727
631728
533853
420884
524369
42210
47504
40804
143693
748255
349218
843019
496756
544559
479187
156175
635710
936516
540546
146570
343897
976610
642848
334002
170395
412042
646447
775232
883532
313769
622565
352713
531958
868524
534473
558198
513641
743167
590268
314353
497960
855374
17445
386251
347329
706537
114928
436774
612056
322623
835457
942425
760557
914462
721466
659827
27941
625905
497643
278428
687436
820934
813864
606574
605693
238596
756442
53849
611868
503787
178794
549697
659580
756215
649840
812233
882027
398658
154954
861574
713793
253961
33104
600383
994265
734549
115233
200051
19857
462462
328930
439122
158787
433020
724042
213795
430311
526195
812617
641181
965236
494514
915215
889587
771581
762736
65306
740058
144789
543878
217413
588132
340839
694395
501608
551002
395129
328993
181594
481992
956431
559024
358955
572808
371496
708699
809489
909801
755944
713813
674558
842690
726991
277203
639711
507699
201603
258494
292559
585196
312999
235790
987219
312071
808634
303042
739142
217346
723769
739233
512756
332441
503110
365746
587713
979055
979878
834042
756719
286741
301769
127794
601334
709489
569576
398138
939272
413697
858130
361899
810616
843700
153591
304561
44109
301602
748831
82868
363188
968894
463864
687836
268900
783641
502351
224381
211883
868170
564739
284303
978346
589318
729988
284815
143941
114532
645584
776880
615336
250905
254235
53231
702371
949154
556837
236633
668933
244146
55040
105065
433377
346337
752204
495351
105428
714281
808206
144144
5433
577086
974231
165613
426673
684607
980452
923425
921068
498807
500641
682139
209144
792630
301198
336768
299279
677273
62036
952040
806066
93806
683984
602022
243500
561147
774568
758243
891638
982169
39110
957590
966232
183568
438184
925100
878292
184327
979288
964306
38105
876822
416278
826236
519447
195361
982105
785386
914663
971023
303528
919331
39286
9717
312886
595551
632063
112512
973555
351317
298384
476419
672464
569691
549787
517904
932456
984152
140718
892400
528705
490755
286090
202177
848102
118118
346747
170387
766634
481206
679776
269761
753504
195243
14768
772399
353487
829179
309355
595361
707160
794068
202544
184019
640632
897734
669752
940617
425187
867161
448479
540310
343856
90951
420304
701765
100018
193757
147442
500646
339320
981284
260096
7161
273453
402206
246961
468436
790371
279963
345637
316613
610754
757997
600705
11991
274258
685436
377017
726420
247781
65142
700224
123967
488002
321709
167475
425110
719400
526930
967946
938599
930927
737733
807236
326084
723821
123119
669737
960632
986327
309369
385397
644481
231577
229772
140057
501410
160626
477079
784056
635163
391774
436045
736038
575914
957136
493699
794139
563628
840952
696353
865708
229021
798867
259486
713390
791401
624756
915548
825618
85847
551033
468449
553829
737952
379358
81896
961800
591573
117659
64758
869032
574251
946746
530041
211976
600521
562728
157131
172529
344056
895993
545617
463303
121886
713341
215379
751742
611474
512573
95359
942553
535167
467122
847975
58338
475458
138353
538179
435604
478987
591303
60541
585941
484838
705448
846112
323139
758414
22827
415182
266817
856113
3161
782032
228486
606403
76577
47489
444278
361264
734406
66857
567451
63182
979981
937656
72371
979134
495002
33276
301036
428728
188724
806325
142007
803028
672687
764715
677255
440781
392650
934631
401058
470325
911862
961664
950814
395833
393892
84148
715894
693939
917036
565497
139449
685280
902075
364663
124395
187143
563356
412151
554531
133533
763214
233507
875373
3642
792911
23839
312856
485494
706215
754024
570892
444730
557772
397700
863355
240820
259535
483000
362974
162656
289039
197636
982946
917722
760242
802674
118326
33782
848799
692267
439605
644793
803265
981716
926685
932227
16405
252356
216092
70559
105797
622795
35207
468127
626822
704667
737449
914581
51040
256622
776513
46385
421805
460285
245722
565979
227823
791030
905686
813761
59185
146942
528373
303314
245536
855413
960911
767051
604095
334394
605526
626962
810065
705200
858136
336241
248411
316422
918823
150219
692282
546571
231780
433649
315098
288519
63918
583761
994595
620407
922446
770925
955858
183640
656401
711721
447952
582851
519696
49161
361145
987324
674565
703953
399669
823975
549939
334217
730132
436548
428090
156466
314455
394747
192811
791062
564058
496520
252673
890598
236290
315344
899197
741948
151363
844917
485517
959175
60423
589704
432723
436740
584357
555736
140606
407286
254655
267382
213214
346305
678120
82911
967024
471635
888283
389102
96955
561654
759782
869695
199734
54040
281502
395489
706396
634356
632209
41468
916057
76319
197303
843737
798696
616126
759489
704066
585997
227558
502681
219036
911709
951092
349138
317915
953149
16078
222096
982683
199254
777493
123014
783159
790973
502184
958861
254377
729417
633760
737954
214447
415898
959579
250956
578897
337237
813185
296809
399152
488899
559572
680233
376710
323404
274267
377114
537727
925695
521433
488640
103398
841814
757505
492296
798625
880521
335788
958745
212994
388712
328122
434037
47936
589849
906058
232022
777259
153011
17007
273441
580189
980165
612401
607275
754987
437862
309531
159814
205721
345888
241192
398290
597467
873844
257666
523555
577390
686406
989294
718113
353961
269826
800441
861501
512356
758705
672865
775520
514426
483214
176405
768367
833592
369283
177487
146757
755303
573095
512036
192988
961438
932566
568471
672985
61585
549395
35466
879827
887826
77941
991101
857730
700674
50871
801467
6693
432424
144170
883472
661338
242675
71269
741521
158366
9585
229344
530299
478160
391329
63386
647847
668706
699143
979269
646467
957089
506676
691309
511552
16495
6933
558065
578440
431319
12426
17538
555134
757273
288086
561762
300614
17975
526611
852657
731758
706774
451488
845328
985359
953966
187974
112214
962643
100992
549857
156130
252674
201255
649887
552029
264679
854814
371658
280310
833551
416176
82857
391172
425750
481294
592447
255021
731105
236828
314546
717269
868286
889053
84532
685491
899908
681463
796483
33223
98042
424965
397687
395490
579549
499127
58840
667678
9909
736986
179708
86702
524139
886392
454987
676234
822478
347362
593343
899636
99994
938256
553815
963800
44618
240927
221686
945053
910286
725916
930668
594316
498598
284263
48823
969051
77959
717675
970546
293992
942996
569408
590882
690077
34500
188066
973882
891737
329761
16418
217221
615551
151195
788795
860556
747332
860778
417643
973995
80674
313814
170341
591353
252153
594223
875194
890704
408060
709922
940075
566820
347843
402491
792313
775679
146748
828897
722794
759340
82237
525119
781667
362659
56304
102430
458320
243420
879414
79710
357137
634565
806360
643684
624540
415973
811131
342230
31064
664926
286604
821609
472436
514435
239220
373095
579902
986859
393663
452825
194760
712711
614334
692764
398535
89856
809676
648665
309727
836821
258421
747748
77077
86023
280989
161712
398458
746247
821968
664693
161771
775584
408548
332061
378221
111726
95966
5447
988765
323241
466339
377400
798329
282870
107197
138943
91537
196494
451914
470646
584041
581687
537333
427865
108310
27537
93972
371106
581141
97584
625920
627094
822543
340189
905674
403951
12940
306024
433911
406637
817018
88813
760053
944909
586716
949178
254533
599743
546417
177820
718605
399226
177735
145584
281981
315759
281444
517077
153023
66340
175329
455791
289366
441557
314313
507753
820685
80657
378666
263926
990088
258568
755917
655395
519886
622651
646624
205047
480102
112168
142071
319457
7096
994913
414913
348354
882495
650318
398343
843135
904080
345549
461607
350996
451533
855088
863539
901259
682661
623266
142736
315029
336241
632512
993293
729066
210608
502278
329445
186266
417584
334640
305605
770571
728716
663646
514858
603853
819959
254200
341716
394322
293916
856156
824040
412022
382746
119420
977343
591240
209505
620995
572133
188667
714827
804905
576820
28223
999297
762538
484045
988780
742776
219832
459753
836433
305482
871662
726490
72518
858747
888970
834306
833665
429016
705668
523557
145939
664100
317543
253777
264955
690658
161630
749979
443681
827406
395303
77558
470880
626979
502514
610527
420274
560324
531221
968355
965101
911877
725309
438620
570053
38551
829130
376993
735716
939001
851755
562986
622665
669180
958819
89110
114682
806306
260289
689545
696982
372253
174418
678428
642439
46448
590579
676364
710380
678159
419029
789245
347704
834908
451365
111090
11060
103396
271306
232785
535482
783132
543998
585098
608717
721068
603178
231768
467432
392292
410133
485556
809859
712565
617181
723975
524776
158067
361724
25755
506222
109627
309783
436181
965264
90025
121707
871699
986370
765618
148557
365249
327040
359731
477450
822366
216916
546428
506384
365219
499292
102365
459450
757065
730609
474425
334400
70437
314849
46853
849541
745305
120675
23682
890429
359743
679445
114675
710032
838913
172337
975094
776459
255761
541058
182927
578719
167914
347067
587044
447080
484498
243118
836507
424723
660351
193411
195440
671590
689237
453125
414798
30610
773207
643937
925994
206909
471413
620970
450418
407723
4666
738968
225230
215780
291865
788870
737945
848014
834674
65602
605393
106694
838338
914336
562968
196041
383561
341819
206647
479776
119490
275097
703281
904539
513261
553349
670153
328628
625969
407517
641003
411612
615519
119781
364825
369082
886589
480101
647351
180908
853266
706309
740282
839503
311893
963308
644333
618836
88868
704758
140454
328399
123586
250161
320214
122629
191936
391439
727120
148225
535638
407333
438555
625397
144564
602727
402349
443588
194776
510310
666371
563483
727117
963810
676604
975904
181649
581868
174971
513426
302865
147111
196187
329861
882885
472908
649498
56215
907565
376479
998078
10048
508149
143167
204607
854815
402594
588861
529990
684793
519013
429008
717956
515611
435820
744638
880690
465412
512438
175377
86686
592862
32359
834541
798025
231241
306278
34283
288204
235765
563723
302692
176379
818665
479536
593127
778586
810074
803124
519373
576429
535618
118710
600534
119754
280901
812764
569488
863274
384682
568373
862570
793547
43631
796922
753905
462806
572892
229157
445807
107391
771740
870392
685424
787842
259555
312170
917304
33796
471578
275581
365509
904081
856401
91208
460398
907322
123088
813308
851327
248455
220073
850083
773443
616482
722608
367663
902874
745279
639905
663508
448965
174044
646081
145998
822974
216656
853047
216995
844565
62241
597766
367856
558136
294739
625850
564939
176556
339375
738253
306849
303387
600556
280329
998660
899695
539403
943881
712296
854779
99850
142175
786530
823856
431589
963398
62165
290794
909165
687757
133051
735499
908149
139136
261805
153347
745951
337742
868726
259579
798462
884532
709083
411776
513234
149077
605474
663121
281770
658309
434346
393396
473947
79184
664406
833197
922878
806233
97616
422419
540659
786224
291740
728449
981819
919933
386999
476782
996413
511751
343187
610224
2593
911115
811739
888319
768316
97666
766437
480718
665678
696405
731160
375623
891401
66407
834328
560384
417035
228411
450513
864915
222142
518746
281581
338548
868581
297368
354161
573896
606007
136937
593643
893829
508913
826596
360437
937589
715707
799281
50760
48174
104411
656596
821967
877345
481906
17072
130272
974581
899312
165657
462721
478693
708
448580
212146
722040
953582
138320
924998
681571
316528
166699
916899
978033
919176
287330
97874
686385
377943
262552
86424
389906
696787
947703
680432
173565
54302
415594
655993
320349
761253
733417
791918
245517
450081
687326
95629
737880
99807
1139
223788
499968
81724
139145
622518
237178
544676
713013
466686
9738
8454
729386
360263
856800
126451
902132
442828
727744
138595
500905
74268
240068
401677
93670
766260
845106
107402
108214
328572
385416
923783
313791
143790
401312
811032
852878
789743
916976
139613
672741
710029
149792
71734
556278
590653
8886
639966
681595
172088
461477
368247
757524
223404
658589
784616
158727
964578
431709
646002
719916
463873
901736
227797
90898
940145
105345
146814
788996
129139
618213
765470
402686
368611
450246
329780
829504
146622
259822
290421
675933
88341
260221
580278
630193
629153
756211
637107
298761
816808
987002
724016
28127
889079
888217
690388
918371
316302
215425
542899
636408
534273
197810
784170
410780
309898
677558
57219
821875
941529
832336
250967
518927
404630
118220
252792
523850
669077
622780
74461
553948
931895
12653
378638
979290
331845
138394
405629
902628
879727
595990
441307
383162
572896
716116
181162
799776
493894
807788
76537
17500
615895
70813
14463
274921
226222
41761
967394
63406
994763
827630
417307
531219
300404
659104
747245
525387
804373
435612
444150
735901
421818
86431
671652
562628
563772
645972
160097
290946
87657
324960
82860
536141
965659
213068
847312
162924
562445
342622
409711
614923
665105
800298
875064
681406
714138
674396
69326
325236
732614
458737
765416
999741
887586
250229
60718
256355
90400
969542
455589
121620
475394
642039
638407
57701
324314
698435
777722
690017
776636
184178
125245
13280
742287
143876
735575
11901
171790
520526
999309
363546
548410
542347
821021
862460
755777
271840
175073
389933
133096
786197
819067
915889
281819
768538
929473
123791
808903
943610
30782
351284
846313
450179
285192
549300
66974
275722
746925
604663
658015
80813
520248
477309
535593
377617
58132
523879
901104
594423
174987
385548
164951
267508
810894
107903
937708
601790
706866
757888
120936
239499
776764
533541
2693
46177
900400
904846
12884
256430
48215
494681
381657
401583
964927
157375
187654
976392
899138
37081
579720
842127
958343
748705
776644
687554
439740
235421
337433
260322
436476
960343
755276
335476
284434
866120
81670
599298
390917
125200
526428
706033
945753
55230
188056
234026
843409
540828
48159
420400
72274
919591
487686
908100
296020
811102
885885
325790
343199
90581
579958
478933
8356
386839
210418
305759
591194
822615
318672
775501
652966
254367
486462
386162
620432
517326
810143
813575
204915
768043
944183
573108
797423
834638
257034
157880
6687
977689
429954
25071
244315
567851
363251
666833
880357
727146
919809
10060
997185
351291
1533
795794
689233
394552
890247
773935
762540
322448
108998
215161
555550
249736
440208
515929
62804
149289
746221
293418
97545
46032
966026
242716
940874
886575
545007
433121
734891
939081
390586
480728
784229
89026
608982
100219
529979
139999
668169
859793
413507
78465
620647
595403
65308
456112
694622
137057
248273
305844
273668
892247
330310
971025
839717
412040
734764
872310
771073
342099
333507
474751
285166
244959
78315
989388
212559
142723
817823
807557
613110
114266
162959
110790
172359
471404
488694
329287
426259
126601
561957
375691
807756
217722
473869
323284
485854
277880
893892
125738
94813
165271
846826
719380
318992
866529
738936
730729
632608
42288
225465
876530
898182
343716
155528
95643
745702
260276
373023
415492
538401
51328
710078
313357
272804
859926
182313
32591
998345
424035
896114
474167
582959
784417
576843
261989
99326
484487
106857
842946
832369
146583
127352
12537
64664
870708
818895
233086
137064
207757
863684
420040
390321
719622
660914
983118
676001
88121
610610
614590
271393
961993
852227
78629
22859
67603
207356
946335
677366
464971
848611
135047
96446
949043
888432
869642
848179
347655
128479
44770
988052
483388
53097
176149
969022
601761
454197
861599
759620
414186
520226
30914
401320
716400
447389
181201
371136
225146
952426
196242
288339
293448
467676
926336
155851
36332
643937
649253
646947
257724
678720
309440
523125
432005
925660
577438
502300
63941
91982
293366
401620
143902
439599
209146
673870
927625
835922
551356
261250
661393
841134
570065
833456
20478
401078
819898
748023
376556
502985
570968
819394
508223
360745
957011
593128
526797
337226
407247
283572
188550
27329
334367
626121
229659
30726
939277
850069
816356
294579
61437
847935
494596
555149
374795
804092
612356
244068
167378
104998
259896
688772
252867
279473
559614
855937
829672
961816
772863
58624
801164
993842
230069
603656
887624
836124
407290
372039
980634
879988
886278
182150
184654
248041
621301
333451
845372
773959
731514
376211
958377
620298
29576
737623
734591
368765
993587
595225
590984
149005
590462
994436
197377
877340
849767
924452
516137
568458
324065
184084
514259
39807
94641
58896
243923
630889
229437
20896
552021
501207
716
347848
962483
643966
211250
845619
136828
357311
751763
186080
963411
841403
885296
910391
339307
62448
22977
154887
615104
738927
961779
148533
811982
116308
887599
551860
902477
382614
76054
391738
738761
987678
694303
414812
614483
105939
352909
316423
338273
143079
165154
767926
994777
458089
830307
670318
510866
680714
332695
182664
741535
589275
727250
932813
973964
643520
825220
374158
234081
697860
617558
854017
183869
396764
321727
769649
721942
308823
133534
186340
764234
1885
994876
736109
994782
600660
410623
892083
808274
595048
33955
190926
631650
333674
965778
848095
641079
231625
670718
593022
109167
982188
520287
147475
347255
781549
81586
249556
363656
335039
176042
667090
928325
93035
861574
743404
702571
670147
764711
929723
352058
468325
11949
278095
219869
261662
726847
71087
367506
269125
825250
113282
755408
1343
50486
404684
459507
768170
440038
174418
927519
434130
517033
924603
397108
368292
572547
393580
106355
869067
502780
827043
906022
606135
682591
795075
720539
236540
170557
473209
77289
838016
886846
35035
309234
21053
334198
273812
997890
109812
77804
358411
178368
931063
393696
168720
767541
78645
573619
987584
941751
97627
354366
622886
643453
936615
506186
738726
32498
452275
988222
685386
173012
636818
932973
455292
164735
56157
106176
347177
215535
199212
429161
731063
581028
757111
970534
765433
566362
278150
692687
295198
311847
249087
100575
52046
411987
599544
576363
880651
514796
161050
57152
378356
4000
448377
91884
308857
863918
694178
655455
629371
503660
209374
101698
26985
217005
179130
669191
305986
85916
496574
884756
121119
323331
823002
416774
493821
512855
938347
693150
277877
95563
673045
570557
406351
193862
389043
928506
399974
387345
195646
467429
46784
276085
461101
487648
276195
237232
877740
281607
591655
64633
158471
788775
730302
699891
101400
89870
700596
360491
847438
567750
434096
793202
618372
238564
580493
63946
881639
405910
858160
547967
438967
561527
720442
909004
981846
497889
600534
924481
247088
499397
313369
82790
413982
946630
895420
749003
36415
526491
598967
944195
541922
839333
599245
710446
650403
154610
126124
995365
793969
470852
181276
995163
175284
222182
847732
202087
132315
44748
443940
82175
716308
456542
211727
862520
657694
155061
874625
623952
270413
335281
955047
762422
958580
846561
70267
91254
406951
583390
416656
578870
341968
898235
289617
544932
480412
961713
915895
12964
824758
734435
653323
616118
547945
819656
439976
117984
434574
156911
155398
594116
616493
610981
795216
985294
105071
969857
110766
590016
817411
105896
823914
299990
909613
561652
922889
360572
920538
430849
276967
401650
686594
509172
599809
638543
496025
39285
180564
288792
422548
150840
648276
638221
713884
727356
421233
40666
415018
932786
921653
347596
724056
249119
51685
781975
498302
965565
281631
940605
390532
21215
354278
857091
832204
317776
326053
293964
883788
515500
899924
730000
718119
102988
911107
239030
140913
315076
779850
464635
811630
865938
336454
282507
764201
437017
634366
676913
93624
197064
463173
221659
957803
863994
426949
776936
507993
796386
541590
909313
392073
860899
58936
540299
829937
166694
68804
326236
744037
531413
422979
142239
818430
892647
549753
922047
596296
30354
182176
202127
917693
873390
210477
877633
60426
261609
34677
478621
53015
962625
377880
738862
208781
287286
386244
863508
486768
529663
416224
666275
967912
129890
714263
32047
253690
390559
512530
622899
467773
186209
912765
497635
615388
578115
366749
360971
171456
878343
937942
271224
785342
871230
722312
94782
298916
28783
405343
52062
170820
895296
600056
817711
224729
898746
232103
678827
236047
710614
216773
282154
683238
429399
538214
21026
906630
818207
804858
715338
9330
497126
955793
138741
678818
181614
630343
839767
8874
234639
264650
637894
844193
988812
320297
747362
743826
673962
288755
444393
938981
394763
892952
365648
481294
264239
228808
489368
316822
710091
545928
864352
653898
416444
612879
107282
7704
536361
694530
884247
880152
392408
588730
678787
622615
638635
296408
312974
717659
113355
505139
66938
352618
289913
671712
340930
903339
290334
273832
687991
745635
998441
935721
683112
313305
197509
157212
542421
802658
251974
943390
59532
844554
898960
841339
849376
629180
423727
692616
335109
713824
146726
756320
26691
687237
521533
309963
272028
950965
438897
424252
407135
772519
37034
611344
742464
599829
855653
199140
359836
761842
748021
233164
719656
560605
669320
823024
498844
950561
986361
704505
375911
531958
314777
886486
178243
881473
689558
919071
585365
189934
308054
102344
493649
134159
776909
271216
760413
847609
586187
799977
956956
191961
992921
712730
943289
351936
686224
93637
233049
372541
234176
780360
913762
322002
440897
826372
929922
347411
389737
273216
614015
308334
486288
892562
123502
493393
56284
908479
665213
611922
608502
990171
650803
74675
495158
932630
203993
524788
125636
909637
713763
400209
555575
312848
433174
56688
913151
895735
158102
144037
210026
359315
429068
597062
936215
950660
479798
150181
331752
904285
750432
189117
816779
84736
511265
348787
661685
185413
328638
665320
60831
4942
474012
286814
219553
798169
811117
176795
604272
801619
166131
513358
823353
800660
817629
92318
135691
644328
454779
664259
450268
422988
449865
500590
401936
4895
39557
559711
209100
766151
391225
996219
14760
935336
337864
793612
873703
556829
199834
18786
709621
4324
657128
769238
260909
237256
727213
919585
361076
327252
135193
107697
402181
527786
617265
320984
175133
68458
863862
47939
312687
994535
304955
478073
763187
545561
625339
549577
354245
454730
931108
720141
140288
359381
945169
513989
376701
786553
197579
172892
994138
950947
962808
851452
422986
20053
239513
235217
762491
137579
221449
769735
22977
618337
529146
177193
129144
384398
745652
682141
830605
39178
393417
919123
671425
268214
808713
560708
653404
50947
622774
50290
694125
113365
685315
876735
20700
50578
723255
121414
437020
465897
398724
129598
573867
265015
497440
735962
160565
215477
728961
719050
660929
9756
315743
441315
693805
105885
694663
545583
283091
653050
635053
734764
143826
439170
871002
942273
110010
536435
753681
647703
123453
296439
119550
822880
111425
521917
208296
638584
209452
815749
275769
871889
548558
211469
375308
737606
429660
309698
168163
41319
574765
520465
954578
217782
721634
978451
504012
346663
245896
2871
13368
704258
93326
950932
115795
875804
602042
701520
518105
156389
995566
94458
817392
536561
78693
758711
758724
106210
948729
268322
675636
242389
478938
310401
276955
486830
52512
104657
852679
183188
916602
41360
893647
304681
377712
840534
709641
327897
446688
774415
121531
99613
892596
795034
933538
48118
10142
893385
145117
695578
678636
178795
344625
374894
937980
458976
652011
281342
921148
768677
97466
390722
854551
359370
191752
119361
420245
419692
478715
285037
876303
404452
723415
891993
501476
838754
442226
680364
929168
835620
174880
118548
138948
729987
761697
61495
988248
885364
167138
108751
436236
955490
619446
506121
841235
596580
711346
459447
190065
641018
398197
817012
376018
641055
30216
904476
717712
922694
879269
762606
935081
137002
506545
965107
511833
118423
930709
431262
462094
48205
66412
274320
686789
329502
12960
738793
910512
710859
550311
804812
779746
604660
758931
592458
234865
702382
915557
354733
544315
548513
721673
734611
648270
99868
453873
693856
761949
260651
505339
362544
695951
709147
672561
403572
155875
879789
866582
585466
935394
642686
57216
12210
674652
979759
164550
530126
890079
492085
893251
519920
911648
173438
78501
787931
515530
336208
252593
346968
291668
52796
531553
233524
577236
674567
397030
422866
856794
246415
82659
481395
465765
840183
600870
469865
92295
898198
522669
468784
331414
124473
521533
781439
685111
18632
107629
423037
432368
37572
584194
575771
177
866028
95310
830244
633553
649137
668507
319394
933348
533030
589648
216899
686393
704091
478368
996519
357411
380992
865401
56911
856255
233746
885331
476535
348098
587360
804694
649863
629094
496116
751470
689089
380941
750689
474514
119562
102170
796204
690917
232518
2303
357938
372390
870196
664441
838769
306166
574295
547341
392052
736201
111486
48001
940443
172129
516342
147271
861760
751678
778579
756609
429088
112157
266641
640524
205438
196653
126611
975402
893590
411981
226061
479247
864607
819378
199836
751606
354349
113000
793928
434603
48759
971638
664000
878146
704791
617413
129204
809652
935072
472388
479605
690441
617942
528689
141176
523059
4548
556127
771976
50931
580099
980741
453834
879562
613543
506390
969273
533025
819023
965908
954394
185810
725423
606658
182085
765979
854845
134618
108584
406224
689461
629718
635605
925573
337477
528597
924204
403348
439001
638576
960401
726155
799407
260297
286886
417196
359513
308463
474843
843890
139850
144892
432794
631792
734018
929496
784782
537179
313433
884027
735570
574416
902517
329159
746454
772610
980955
580472
663311
227900
210647
219899
654487
749086
304694
719964
362066
965939
705034
139116
744904
681664
186450
528370
568843
728038
667814
338041
744858
121011
797730
369348
589593
503704
611116
598357
988464
699565
744618
437757
706995
784197
937286
882260
559837
299817
920101
888459
442904
847568
13390
548122
111642
26499
399371
152386
55642
702812
59354
209612
279947
786626
823690
168752
300538
716586
262732
153541
880155
65046
724141
822458
309477
213910
790200
567460
33875
376105
853568
474579
107458
646036
910201
708340
775414
589179
906852
235203
778476
678553
588534
407777
249136
535740
822405
835540
837625
729943
301610
726596
696772
49261
971489
400118
406380
436801
826394
718430
327841
578944
56415
13595
779794
263550
212952
650706
911055
818859
902241
912384
464586
870300
236504
955762
664575
738857
744012
679091
385604
791787
616966
573167
774320
632697
206012
813848
760127
202897
308467
470616
186044
715819
78086
196059
182237
770786
538807
125151
395521
42608
449323
292670
583635
277075
136384
168746
612353
887110
267403
5919
346620
488983
744163
983034
162325
41880
161169
973737
338302
625874
53325
811242
977673
655744
645512
884096
694042
315783
514379
828278
600495
576884
375479
76421
822116
742057
333299
550916
230646
192800
545895
71488
824451
529678
167112
436135
569460
563123
423013
96411
366375
231942
926308
223717
695556
348005
347148
378323
307835
229056
996470
789216
648314
556268
497923
588602
863699
788669
680840
9231
120294
701432
362814
467315
252023
948433
673462
643512
963229
651303
255671
41814
715706
928681
336526
399898
960424
834883
990891
118881
404620
269054
566479
759143
296567
25905
955604
541975
862043
807921
393172
539292
841814
533447
467200
510451
45981
310833
941916
683176
201863
335872
538857
86345
994272
100617
175526
810883
564107
559106
7686
657386
68652
221020
702897
660093
811159
223530
906966
718699
444815
876258
108975
215565
563876
869005
736879
921317
777388
812863
456379
677968
856429
985400
75623
783171
719368
161223
24906
481532
751690
347828
39726
91772
76806
56904
186638
832794
264144
585193
73863
602891
861530
238703
955238
271212
427433
406881
473039
660830
424094
454059
331773
17711
408422
706004
124052
560814
6185
672580
755274
648386
66309
792682
782186
614054
47727
734928
889455
76115
375075
973128
527262
111291
303915
825115
719195
315989
636030
90707
295192
802448
971705
458936
399941
414306
862057
692818
32316
497012
163917
559381
230545
143006
783028
409985
835474
836223
890731
572233
309307
664845
151074
312534
710189
930063
958575
833635
909261
764752
679414
391255
995586
11691
580412
917259
582032
148241
129221
43802
5274
600538
625637
413224
563244
574122
992979
89261
319491
220256
784645
777446
947437
761200
360554
222022
432699
949619
677308
892819
537450
149375
168772
192930
231512
646850
875297
265018
203765
120190
190167
703571
838504
594849
893650
57030
892744
787524
977660
575512
483671
675990
576365
76697
304771
704313
70634
262865
102972
207007
760835
608798
510856
997761
346922
374486
134443
703904
687313
245925
104904
298987
649609
73199
943842
202897
333222
509462
472536
344295
646281
691454
320523
727143
612546
159797
593024
594397
382199
846934
331699
449112
176831
5066
328429
258133
823824
232286
746794
775753
671967
457309
290119
880919
376948
140829
712591
768577
347668
920530
503268
485331
466991
376167
812402
320310
510626
578469
114119
184308
676909
636095
85955
882683
294247
900426
866589
146802
934592
564781
205973
276021
769177
929390
657057
80176
762760
79062
935440
19535
890856
531815
662308
32709
852117
610156
607021
424814
806564
618697
223095
950328
38436
578388
273276
569868
937412
565892
495036
685672
812853
155852
383588
411564
234153
934740
809652
618241
768844
898801
305134
140384
487274
525465
535205
94952
416059
381540
526560
11106
694868
250484
889173
845718
643863
717395
173899
793988
539111
147189
467896
166956
187847
593868
994796
593297
691444
914562
153300
771667
767562
506990
984796
376224
42383
229448
798461
511329
243007
65914
277198
387380
245386
44887
701062
216818
543042
951819
829906
378799
406945
492489
962489
476728
924374
48693
41843
680027
339813
108239
737920
546699
664343
869948
286780
875427
777948
276106
606739
570792
597856
182294
394956
685428
396905
383041
616225
685073
941858
876052
81618
541760
263807
394609
951312
233726
541455
425556
370040
856934
909869
361792
510511
831161
505529
930267
633561
6918
526214
924879
145718
461267
173650
241162
80832
539535
674734
294450
221791
157538
195984
165001
379818
631264
752146
856639
124078
693223
241535
434753
850576
346265
755242
118844
504906
708029
502073
502290
220939
619489
169078
678700
873846
430859
23536
255506
45240
134097
601344
621121
168956
141268
660120
537544
41094
934069
600067
153999
58627
174421
270804
967255
188783
541737
425151
628471
590982
668595
19524
921183
754500
763336
693889
861198
297223
993267
89913
227114
471023
635988
494312
909432
505065
178852
230019
870699
430720
630025
149644
833215
610948
860307
804771
190719
653484
691691
535617
277370
175868
759364
718894
359316
967156
475497
625510
619284
72187
240977
396583
404186
138635
113844
17367
212177
548102
901347
953511
528859
717611
440186
866662
156826
634924
100976
186040
498985
945404
644610
628950
40932
920390
821945
557244
527778
788930
123224
97716
505666
691423
136659
945799
632789
565482
867719
1258
940540
983286
812510
711521
680768
452457
547403
441119
388368
917319
45548
731531
555552
449793
240633
984006
841272
505543
827909
806010
399755
367544
617661
843706
777407
951959
798531
877857
730550
604106
102463
446157
140386
266881
500318
803061
243807
954293
900782
87889
297026
627354
919356
570143
428497
270328
198202
5735
743596
779769
827769
7459
606063
547923
123552
545009
7543
393247
686341
215397
721175
843356
331246
428705
379867
111760
162297
446768
683226
613805
265953
273995
896508
562146
444136
592099
383405
641603
288946
713666
416760
791645
213588
433301
578923
821861
584646
505904
187401
388196
586252
581866
507259
266105
321549
605711
361083
811801
739764
417469
771523
144775
896531
905791
691308
124870
784140
240932
468288
821149
733281
995355
169654
105149
224875
533036
420018
824265
354877
839756
577321
643852
730917
717817
741122
54581
168546
408004
666764
5547
843442
95513
863245
152387
494580
970836
629402
456526
92422
67193
275871
232542
388848
83927
638613
39589
759687
402995
975893
420106
643789
688049
546313
300384
746172
626495
60254
991654
811187
860072
183785
671394
518382
460295
11230
211505
891884
688793
975970
842960
543323
299899
204206
35241
822041
628636
535348
540869
732377
242924
645073
177715
706765
37812
377214
250878
686837
301
165092
91061
289340
817546
418836
370281
702191
414337
425146
614549
210040
542892
16112
772722
737801
71950
963827
94545
576289
298313
761411
870071
586273
959456
611248
365004
364354
855129
289939
237288
635818
203974
476849
974875
423579
602833
4877
273791
183537
426911
530829
111636
585766
75902
527611
308545
356480
993017
122692
841945
538220
270211
918671
564032
852646
831928
602819
262292
727912
464276
395397
590525
507122
807369
255090
794268
356160
813274
481137
714703
483100
940073
615332
903896
28679
505382
121916
270343
70835
401261
664442
826965
231087
709794
735236
241099
839030
331067
432459
370248
541593
561671
10195
734861
872600
276142
260316
301244
97527
418309
706423
785161
860959
358605
79721
581489
976639
187155
499704
329119
370711
229183
937758
601581
282146
191663
993125
782401
716289
975443
954128
199405
523238
772918
209365
246269
771153
253814
915136
278297
216823
240341
212616
875498
261824
876960
648645
373321
163573
816776
111871
125701
964887
82300
708640
695650
516596
643644
6945
801368
898723
567776
44316
889203
505719
389227
650817
330738
516256
941748
923782
940572
602427
910970
288078
514646
191755
801387
960502
535962
293880
417206
232881
